02583614
02583618
02583619
02583620
02583621
02583622
02583623
02583624
02583625
02583626
02583627
02583629
02583630
02583631
02583632
02583634
02583636
02583637
02583638
02583639
02583640
02583641
02583642
02583643
02583644
02583645
02583646
02583647
02583648
02583650
02583651
02583652
02583654
02583657
02583658
02583659
02583660
02583661
02583664
02583665
02583666
02583667
02583668
02583669
02583670
02583671
02583672
02583674
02583675
02583676
02583677
02583678
02583679
02583681
02583682
02583684
02583685
02583686
02583688
02583689
02583691
02583692
02583693
02583694
02583695
02583697
02583699
02583700
02583701
02583706
02583707
02583708
02583709
02583710
02583712
02583714
02583715
02583717
02583719
02583720
02583722
02583723
02583725
02583726
02583727
02583728
02583729
02583731
02583733
02583734
02583736
02583742
02583743
02583744
02583745
02583746
02583747
02583748
02583749
02583750
02583751
02583752
02583753
02583755
02583756
02583757
02583758
02583759
02583760
02583761
02583762